(1, 2, 2, 1, 123, 'Mario Neira 685, Santiago, Recoleta, Chile', 123, '321-123', 100.0, 100.0, 3, 2, -33.3868453, -70.6435793, 1, 37390.76, 37390.76, 6179.875, 1.0, 10.0, None, datetime.datetime(2024, 5, 23, 20, 50, 28), datetime.datetime(2024, 5, 23, 20, 50, 28))
(2, 2, 2, 1, 123, 'Mario Neira 685, Santiago, Recoleta, Chile', 123, '321-321', 100.0, 100.0, 3, 2, -33.3868453, -70.6435793, 1, 37390.76, 37390.76, 6179.875, 1.0, 10.0, None, datetime.datetime(2024, 5, 23, 20, 51, 57), datetime.datetime(2024, 5, 23, 20, 51, 57))
(3, 2, 2, 1, 123, 'Mario Neira 685, Santiago, Recoleta, Chile', 123, '321-123', 100.0, 100.0, 3, 2, -33.3868453, -70.6435793, 1, 37390.76, 37390.76, 6179.875, 1.0, 10.0, None, datetime.datetime(2024, 5, 23, 20, 52, 48), datetime.datetime(2024, 5, 23, 20, 52, 48))
(4, 2, 2, 1, 123, 'Mario Neira 685, Santiago, Recoleta, Chile', 123, '321-123', 100.0, 100.0, 3, 2, -33.3868453, -70.6435793, 1, 37390.76, 37390.76, 6179.875, 1.0, 10.0, None, datetime.datetime(2024, 5, 23, 20, 56, 1), datetime.datetime(2024, 5, 23, 20, 56, 1))
(5, 2, 2, 1, 123, 'Mario Neira 685, Santiago, Recoleta, Chile', 123, '321-123', 100.0, 100.0, 3, 2, -33.3868453, -70.6435793, 1, 37390.76, 37390.76, 6179.875, 1.0, 10.0, None, datetime.datetime(2024, 5, 23, 20, 58, 25), datetime.datetime(2024, 5, 23, 20, 58, 25))
(6, 2, 2, 1, 123, 'Mario Neira 685, Santiago, Recoleta, Chile', 123, '321-123', 100.0, 100.0, 3, 2, -33.3868453, -70.6435793, 1, 37390.76, 37390.76, 6179.875, 1.0, 10.0, None, datetime.datetime(2024, 5, 23, 20, 59, 50), datetime.datetime(2024, 5, 23, 20, 59, 50))
(7, 2, 2, 1, 123, 'Mario Neira 685, Santiago, Recoleta, Chile', 123, '321-123', 100.0, 100.0, 3, 2, -33.3868453, -70.6435793, 1, 37390.76, 37390.76, 6179.875, 1.0, 10.0, None, datetime.datetime(2024, 5, 23, 21, 1, 3), datetime.datetime(2024, 5, 23, 21, 1, 3))
(8, 2, 2, 1, 123, 'Mario Neira 685, Santiago, Recoleta, Chile', 123, '321-123', 100.0, 100.0, 2, 1, -33.3868453, -70.6435793, 1, 37390.76, 37390.76, 6179.875, 1.0, 10.0, None, datetime.datetime(2024, 5, 23, 21, 1, 37), datetime.datetime(2024, 5, 23, 21, 1, 37))
(9, 2, 2, 1, 123, 'Mario Neira 685, Santiago, Recoleta, Chile', 123, '321-123', 100.0, 100.0, 3, 2, -33.3868453, -70.6435793, 1, 37390.76, 37390.76, 6179.875, 1.0, 10.0, None, datetime.datetime(2024, 5, 23, 21, 2, 34), datetime.datetime(2024, 5, 23, 21, 2, 34))
(10, 2, 2, 1, 123, 'Mario Neira 685, Santiago, Recoleta, Chile', 123, '321-123', 100.0, 100.0, 3, 2, -33.3868453, -70.6435793, 1, 37390.76, 37390.76, 6179.875, 1.0, 10.0, None, datetime.datetime(2024, 5, 23, 21, 3, 31), datetime.datetime(2024, 5, 23, 21, 3, 31))
(11, 2, 2, 1, 123, 'Mario Neira 685, Santiago, Recoleta, Chile', 123, '321-123', 100.0, 100.0, 3, 2, -33.3868453, -70.6435793, 1, 37390.76, 37390.76, 6179.875, 1.0, 10.0, None, datetime.datetime(2024, 5, 23, 21, 4, 29), datetime.datetime(2024, 5, 23, 21, 4, 29))
(12, 2, 2, 1, 123, 'Mario Neira 685, Santiago, Recoleta, Chile', 123, '123-321', 100.0, 100.0, 3, 2, -33.3868453, -70.6435793, 1, 37390.76, 37390.76, 6179.875, 1.0, 10.0, None, datetime.datetime(2024, 5, 23, 21, 5, 49), datetime.datetime(2024, 5, 23, 21, 5, 49))
(13, 2, 2, 1, 123, 'Mario Neira 685, Santiago, Recoleta, Chile', 123, '321-123', 100.0, 100.0, 3, 2, -33.3868453, -70.6435793, 1, 37390.76, 37390.76, 6179.875, 1.0, 10.0, None, datetime.datetime(2024, 5, 23, 21, 6, 22), datetime.datetime(2024, 5, 23, 21, 6, 22))
(14, 2, 2, 1, 123, 'Mario Neira 685, Santiago, Recoleta, Chile', 123, '321-123', 100.0, 100.0, 3, 2, -33.3868453, -70.6435793, 1, 37390.76, 37390.76, 6179.875, 1.0, 10.0, None, datetime.datetime(2024, 5, 23, 21, 6, 48), datetime.datetime(2024, 5, 23, 21, 6, 48))
(15, 2, 2, 1, 123, 'Mario Neira 685, Santiago, Recoleta, Chile', 123, '32-123', 100.0, 100.0, 3, 2, -33.3868453, -70.6435793, 1, 37390.76, 37390.76, 6179.875, 1.0, 10.0, None, datetime.datetime(2024, 5, 23, 21, 12, 18), datetime.datetime(2024, 5, 23, 21, 12, 18))
(16, 2, 2, 1, 123, 'Mario Neira 685, Santiago, Recoleta, Chile', 123, '321-123', 100.0, 100.0, 3, 2, -33.3868453, -70.6435793, 1, 37390.76, 37390.76, 6179.875, 1.0, 10.0, None, datetime.datetime(2024, 5, 23, 21, 37, 19), datetime.datetime(2024, 5, 23, 21, 37, 19))
(17, 2, 2, 1, 123, 'Mario Neira 685, Santiago, Recoleta, Chile', 123, '321-123', 100.0, 100.0, 3, 2, -33.3868453, -70.6435793, 1, 37390.76, 37390.76, 6179.875, 1.0, 10.0, None, datetime.datetime(2024, 5, 23, 21, 38, 36), datetime.datetime(2024, 5, 23, 21, 38, 36))
(18, 2, 2, 1, 123, 'Mario Neira 685, Santiago, Recoleta, Chile', 123, '6635-182', 100.0, 100.0, 3, 2, -33.3868453, -70.6435793, 1, 37390.76, 37390.76, 6179.875, 1.0, 10.0, None, datetime.datetime(2024, 5, 23, 21, 43, 46), datetime.datetime(2024, 5, 23, 21, 43, 46))
(19, 2, 2, 1, 123, 'Mario Neira 685, Santiago, Recoleta, Chile', 123, '6635-182', 100.0, 100.0, 2, 1, -33.3868453, -70.6435793, 1, 37396.77, 37396.77, 6179.875, 1.0, 10.0, None, datetime.datetime(2024, 5, 24, 13, 1, 18), datetime.datetime(2024, 5, 24, 13, 1, 18))
(20, 2, 2, 1, 123, 'Mario Neira 685, Santiago, Recoleta, Chile', 123, '6635-182', 100.0, 100.0, 2, 1, -33.3868453, -70.6435793, 1, 37396.77, 37396.77, 6179.875, 1.0, 10.0, None, datetime.datetime(2024, 5, 24, 13, 2, 35), datetime.datetime(2024, 5, 24, 13, 2, 35))
(21, 2, 2, 1, 123, 'Mario Neira 685, Santiago, Recoleta, Chile', 123, '6635-182', 100.0, 100.0, 2, 1, -33.3868453, -70.6435793, 1, 37396.77, 37396.77, 6179.875, 1.0, 10.0, None, datetime.datetime(2024, 5, 24, 13, 4, 5), datetime.datetime(2024, 5, 24, 13, 4, 5))
(22, 2, 2, 1, 123, 'Mario Neira 685, Santiago, Recoleta, Chile', 123, '6635-182', 100.0, 100.0, 2, 1, -33.3868453, -70.6435793, 1, 37396.77, 37396.77, 6179.875, 1.0, 10.0, None, datetime.datetime(2024, 5, 24, 13, 7, 15), datetime.datetime(2024, 5, 24, 13, 7, 15))
(23, 2, 2, 1, 123, 'Mario Neira 685, Santiago, Recoleta, Chile', 123, '6635-182', 100.0, 100.0, 2, 1, -33.3868453, -70.6435793, 1, 37396.77, 37396.77, 6179.875, 1.0, 10.0, None, datetime.datetime(2024, 5, 24, 13, 10, 18), datetime.datetime(2024, 5, 24, 13, 10, 18))
(24, 2, 2, 1, 123, 'Mario Neira 685, Santiago, Recoleta, Chile', 123, '6635-182', 100.0, 100.0, 2, 1, -33.3868453, -70.6435793, 1, 37396.77, 37396.77, 6179.875, 1.0, 10.0, None, datetime.datetime(2024, 5, 24, 14, 12, 28), datetime.datetime(2024, 5, 24, 14, 12, 28))
(25, 2, 2, 1, 123, 'Mario Neira 685, Santiago, Recoleta, Chile', 123, '6635-182', 100.0, 100.0, 2, 1, -33.3868453, -70.6435793, 1, 37396.77, 37396.77, 6179.875, 1.0, 10.0, None, datetime.datetime(2024, 5, 24, 14, 16, 42), datetime.datetime(2024, 5, 24, 14, 16, 42))
(26, 2, 2, 1, 123, 'Mario Neira 685, Santiago, Recoleta, Chile', 123, '6635-182', 100.0, 100.0, 2, 1, -33.3868453, -70.6435793, 1, 37396.77, 37396.77, 6179.875, 1.0, 10.0, None, datetime.datetime(2024, 5, 24, 14, 29, 31), datetime.datetime(2024, 5, 24, 14, 29, 31))
(27, 2, 2, 1, 123, 'Mario Neira 685, Santiago, Recoleta, Chile', 123, '6635-182', 100.0, 100.0, 2, 1, -33.3868453, -70.6435793, 1, 37396.77, 37396.77, 6179.875, 1.0, 10.0, None, datetime.datetime(2024, 5, 24, 14, 31, 57), datetime.datetime(2024, 5, 24, 14, 31, 57))
(28, 2, 2, 1, 123, 'Mario Neira 685, Santiago, Recoleta, Chile', 123, '6635-182', 100.0, 100.0, 2, 1, -33.3868453, -70.6435793, 1, 37396.77, 37396.77, 6179.875, 1.0, 10.0, None, datetime.datetime(2024, 5, 24, 16, 13, 37), datetime.datetime(2024, 5, 24, 16, 13, 37))
(29, 2, 2, 1, 123, 'Mario Neira 685, Santiago, Recoleta, Chile', 123, '6635-182', 100.0, 100.0, 2, 1, -33.3868453, -70.6435793, 1, 37396.77, 37396.77, 6179.875, 1.0, 10.0, None, datetime.datetime(2024, 5, 24, 16, 14, 6), datetime.datetime(2024, 5, 24, 16, 14, 6))
(30, 2, 2, 1, 131, 'Av. Ricardo Cumming 33, Santiago, Chile', 123, '6635-182', 100.0, 100.0, 3, 2, -33.445844, -70.6675366, 1, 37414.83, 37414.83, 4013.9090909091, 1.0, 10.0, None, datetime.datetime(2024, 5, 27, 14, 30, 12), datetime.datetime(2024, 5, 27, 14, 30, 12))
(31, 2, 2, 1, 131, 'Av. Ricardo Cumming 33, Santiago, Chile', 123, '6635-182', 100.0, 100.0, 3, 2, -33.445844, -70.6675366, 1, 37414.83, 37414.83, 4013.9090909091, 1.0, 10.0, None, datetime.datetime(2024, 5, 27, 14, 32, 59), datetime.datetime(2024, 5, 27, 14, 32, 59))
(32, 2, 2, 1, 131, 'Av. Ricardo Cumming 33, Santiago, Chile', 123, '6635-182', 100.0, 100.0, 3, 2, -33.445844, -70.6675366, 1, 37414.83, 37414.83, 4013.9090909091, 1.0, 10.0, None, datetime.datetime(2024, 5, 27, 14, 33, 15), datetime.datetime(2024, 5, 27, 14, 33, 15))
(33, 2, 2, 1, 131, 'Av. Ricardo Cumming 33, Santiago, Chile', 123, '6635-182', 100.0, 100.0, 3, 2, -33.445844, -70.6675366, 1, 37414.83, 37414.83, 4013.9090909091, 1.0, 10.0, None, datetime.datetime(2024, 5, 27, 14, 35, 9), datetime.datetime(2024, 5, 27, 14, 35, 9))
